2771200
3315342
3470600
3731562
0369610
1219827
3183660
3874544
0816692
2277860
5442430
2015381
2543164
4972582
1431045
3498820
1392190
3748528
3717252
1211837
3717490
3385516
4846340
2911666
0804507
2948356
1355644
2582802
3741834
2094766
0325980
2872732
2119532
2310332
1860357
2488496
1340138
2293640
4501244
2713180
4572514
2103281
2562232
1951265
2975590
1981115
2395427
0498381
4425200
3783958
1877832
0468569
2267998
2820852
1375666
0075242
2872718
0076759
4975722
3659388
2908446
0499549
1293847
2245084
0848228
0478970
0137523
3774114
1291150
3344680
3393786
1935859
5052448
0133093
1790809
2084970
0110912
1386697
2140479
0111161
4465564
1379182
1895315
3640424
1345836
0800369
4550098
1661199
3062096
0090605
0120737
0449088
1843866
1663202
2381249
1790864
5078204
5168832
1228705
2660888
0371746
1964418
2692250
3501632
0361748
1318514
0383574
0167260
0320691
1300854
0120338
2034800
3631112
0110357
2379713
1631867
1679335
4034228
2126355
0903624
1823672
0113568
0268380
0078748
4196776
1711525
0926084
3799694
1798709
1323594
1298650
0241527
1130884
0266697
0304141
1099212
2637276
0068646
1872181
1617661
3460252
5155780
0421715
0109830
1049413
0088247
0458339
0108052
4046784
0114369
4731136
1853728
2120120
0084787
3095734
0770828
3410834
3110958
0373889
0081505
0482571
2109248
3040964
1637725
0470752
1408101
0490215
0209144
0323298
0246578
0101414
2398241
0455944
0993846
0117060
1840309
2322441
1628841
0117951
0372784
0195753
1951264
1446714
2294629
2278388
1398426
3371366
3263904
1119646
0245429
0947798
0434409
1956620
0457430
2316204
0948470
1201607
2404435
0099864
1670345
1285016
0103064
3416828
5311514
0172495
4630562
0082971
0116629
0268978
1074638
0398286
0454921
2096673
1454468
0167261
1951266
1289401
2446042
0266543
2382009
0198781
0088763
0258463
2709768
0290673
0417741
1170358
0816711
0119116
1259521
1136608
0110413
1156398
1320253
4857264
3235888
0073195
0829150
0103644
0099487
2304933
2179136
0425112
0974015
0054215
1878870
0480249
1205489
0083658
0381061
2024544
0107048
0803096
3450958
0221443
0910970
4682786
0295297
0240772
0097576
0328107
0123755
0116367
0372183
0181852
0103639
0884328
2267968
3416532
0780504
4682266
0029583
4624424
0343818
3922818
0087469
1457767
5336230
3531824
0120912
0169547
0438488
0234215
0105236
0317705
0338013
1010048
1937390
0120382
0145487
2582782
0382932
1504320
0330373
1060277
0830515
0095016
0114709
0061852
1014759
3503406
0082948
0082528
3079380
0062622
1276104
0208092
0317919
1637688
0094721
0458352
1911658
0099685
0435761
0264464
1798684
2674426
0078788
1229238
0083866
1496025
0120689
1121096
0401792
1179933
0206634
0831387
1343092
0144084
0120815
0834001
1985949
0413300
0120804
0477348
4172430
2717822
1515091
0988045
1528100
1483013
1045658
1700841
0042332
0298130
0120616
3170832
0079501
0360717
3522806
0859163
0790724
0129387
0083907
0800080
4154756
1673434
4302938
0126029
2980516
0407887
2080323
0438097
0112573
3553976
4136094
0118799
1245526
0080684
1182345
3065204
0295701
0120586
2802144
0100405
0918940
1667889
1324999
0492461
0071562
0758758
1815862
0796366
1250777
2527336
0936501
0083242
1204977
0119654
2199571
2170439
2567026
0289043
2101441
0317219
1568346
0075314
1570728
0093058
0242653
0120667
0405159
0114814
4160708
0337978
1764651
1392170
2848292
5247022
1675434
1232829
1259571
2055765
0055928
0378194
1282140
3397884
0253474
0477347
0365748
0377092
1194173
0401855
1895587
1411697
1731141
0103776
0892769
1735898
0083552
0093773
1690953
1217209
1080016
1663662
0443706
1104001
2638144
0407304
1587310
0167404
0087843
2381991
2788710
0087332
1219289
0119177
1791528
0103874
0083944
0065421
4540710
0452608
0384806
0100802
1078912
4698684
0382625
0493405
2250912
1022603
0347149
4030600
0060196
0117509
1527186
0185937
1979388
1392214
0092995
0454876
0120591
0181689
0837562
0110475
0440963
3896198
0118715
1041829
2184339
0351283
0187738
0086190
0448157
1772341
0050083
1439456
0070047
0367882
0111257
1325004
2387499
0409459
2096672
2024469
0119698
0450278
5073620
6682134
1800241
