,imdb_ids,plot_outline_PC0,plot_outline_PC1,plot_outline_PC2,plot_outline_PC3,plot_outline_PC4,plot_outline_PC5,plot_outline_PC6,plot_outline_PC7,plot_outline_PC8,plot_outline_PC9
0,113101,-1.31567913151,-0.934887695209,0.347585743588,0.37365254554,0.315814381809,-0.221986686353,-0.553449227774,0.0638645409915,-0.543138155918,-0.415480045372
1,425473,-1.43398865531,-0.00370346968569,-0.181678355556,0.771971267082,-0.805442010944,-0.0604738466582,0.382521644165,-0.603813738782,0.145042041797,-0.0581001437371
2,76759,1.6624078049,1.68884111895,0.339101925221,0.00972664185814,-1.80468088781,-0.56720791467,-1.59723790512,-1.21430593535,1.0358482579,-0.0692146981462
3,266543,-0.489222599242,1.60060440443,0.524655943484,0.294342565789,0.025438693919,-0.434347389329,0.237392003372,0.412804460953,-0.307850348201,-0.274182761102
4,411267,-0.0734526687457,-0.0431613055443,0.734877172939,-0.353447584873,-0.696221061593,1.35700414446,0.443975047368,1.99398971954,0.919077381875,0.473163399695
5,17136,4.49814217311,0.402758647698,0.10008153323,0.638116886622,0.873775346861,1.78621553773,-1.22815805848,0.486340073967,1.30946287533,2.37249067076
6,314412,-0.195320877325,-0.375187263521,-1.21467055822,0.408935886636,-0.540362759372,-0.760594832289,-0.591626009735,1.61867502357,0.0475209058956,-0.252934137522
7,325980,-0.618935244324,0.506544986152,-0.476232364452,0.0186757544566,-0.20298143867,-0.794602363539,-0.923412589906,-0.93807834481,1.36019402714,1.22569028535
8,266697,2.27575838222,-0.896601672994,-1.16235080845,1.9183967546,0.0392020044305,-1.70193133421,0.774761898,3.14551278361,-0.127775433303,0.867785399928
9,105695,-0.112023393663,-0.582691927156,0.15103117413,-1.09373720861,0.196555538522,-0.342299020869,0.832822749443,0.0897055197783,0.652189819237,-1.07025828707
10,338013,-0.420739823879,1.02388053793,-1.2893390548,1.3445335646,-1.22074869988,0.913486328178,0.306790500177,-0.956210629783,2.36243624318,-0.538055496628
11,245712,-0.0180264791408,-1.11392010376,0.15901624598,-0.0402279633792,0.138028610385,0.348461346617,-0.503948760945,0.0787254435835,0.844082272242,0.0485414041672
12,298203,-1.05145940536,0.268764730917,-1.48994699402,-1.81261372498,0.857885161994,0.296953030841,0.927392317063,0.438138063295,1.91892813879,-0.676519517294
13,445620,-1.43244661294,-0.987202648858,0.351060145443,-0.0274571956861,0.175065843457,0.199591254459,-0.812797085672,-0.22113890489,-0.348620071237,0.319278927452
14,88846,-0.0457248780518,-0.125468884383,0.0498206454563,0.166751006882,0.0891773756888,1.07630216023,0.227279717056,-0.101230979473,-0.816994679709,-0.414892716593
15,249462,0.0843215952373,-0.530420846223,-0.663049240783,-1.62493150752,0.94400598182,-0.088951924927,0.805593309887,0.232719307705,0.699866625076,0.161289112132
16,407304,-1.44922303071,-0.907810687923,0.144010259001,0.203293504197,-0.310060803257,-0.59898254242,0.309516927611,-0.595279984378,-0.455475175584,0.123852679968
17,116996,-1.04287119273,-1.05268666167,-0.0250261181747,-0.0826204171223,-0.520519250027,-0.0581920479293,0.706749429801,-0.167517850973,0.582027393281,0.144022414258
18,112471,-1.08907354692,-0.570756483941,2.3954933944,0.282708392073,0.561809577336,1.46574150118,-0.285463995656,1.00788815451,0.491108500177,-1.97512394349
19,209144,-1.51185242885,0.0174304824539,0.303949720715,-1.12474511769,0.800385078745,-0.41371741294,0.614683529905,-0.799066714182,-0.150024797213,0.303749883437
20,83658,-1.28351646479,2.05286684464,0.567555240634,0.0547189180787,-1.34267415295,1.56285686492,-0.357097263525,1.15224187167,-0.0175163611061,0.0955827366798
21,381681,-0.163277991771,-1.12616196441,0.141272157195,-0.585865146829,-0.758104306673,-0.0632819129082,0.272301187327,0.151950917785,0.220867773341,-0.430969543966
22,82971,2.61633105205,0.23376417209,-0.0170640622011,-0.0363728477874,-0.781511262358,-0.577085633237,0.290912386053,-0.211073300044,-0.0795731180044,0.275707054337
23,86960,-0.182054005114,-1.17158944179,-0.680254518465,-0.158571729247,-0.232606692937,-0.174915157341,-0.402725089786,-0.602118152207,0.15324580699,-0.172676904617
24,23037,2.4622908494,-0.458750185714,-1.7914001639,-1.08487253606,-0.719723415168,1.12335895022,0.511700944436,0.366185544639,-0.140476351596,0.170150286366
25,52561,1.35688225598,0.40185673905,1.10234267573,-0.195232378035,1.58187082376,-1.34986483315,0.575003991968,-0.856031114884,0.0159169370424,0.439558509282
26,436488,-1.38750408634,-0.975469189816,-0.0935344759402,-0.190936945133,-0.367275972919,-0.371930993591,-0.495758189929,-0.374124306237,-0.330809835981,0.0327946645909
27,185125,-0.430997512241,1.41319564081,-0.816128924409,-1.41020976372,0.302497406077,-0.114797856941,0.283474444294,0.423900236712,0.635854291569,-0.32413555555
28,110413,-0.23389504072,-0.108722086886,1.97415631054,0.670460448925,0.604552681457,-1.76089141106,2.94878365053,1.82552246809,-0.212344536807,-0.529255815603
29,315543,3.98935698014,-0.428743392838,1.13678185941,2.3301615334,1.51437138159,0.126063955433,0.961571063012,-0.523894395076,0.259658810234,0.467175117322
30,75314,0.628303258844,1.09571880847,1.28497533472,-0.118990213766,1.60039278212,0.538261903707,-1.38084918698,-0.0694640051853,-0.83518751078,0.678261604435
31,88763,0.399895682459,-0.408263607859,0.490430481144,0.216216110447,1.01516278748,-1.70077301108,-0.18005790131,-0.398080575402,0.226261775918,0.0857597637472
32,108394,-0.147859323334,0.613158337284,-0.778942465583,0.130275196545,-1.05714167087,-0.359610256685,-0.366679855637,1.80400481172,-0.678602194476,-0.0137530770513
33,100405,-1.31350948685,0.181680715667,1.07366316125,0.794155212127,0.990738057381,1.50303143097,-0.298943518484,-0.126958260585,-0.531966124167,0.0770406122727
34,118715,-0.769916053598,1.13266684268,0.128970333937,-1.70646921965,0.741644003758,-0.422865465703,0.248924558148,-0.494999439969,-0.435432513547,0.720934535263
35,120737,1.80078415129,0.841756732042,1.39068083926,-0.572205279693,-1.83607755581,-0.544760815532,-0.090236977196,-0.61612935236,-0.208634130324,-0.803716545702
36,77869,1.88740090292,0.217095413699,0.276116870644,-0.696711438931,-1.16201581028,-0.16077082122,0.0554050296135,-0.131619091147,-0.629771926418,-0.929650104396
37,86961,-1.27418475906,-0.629968049625,0.786520835652,0.468614466547,-0.475222302632,-0.707065621123,1.12522328998,-0.415217235978,0.0826377043495,0.115663454042
38,80668,6.18256579296,-0.043979070393,1.58879393662,-0.911624568343,-0.215181520889,-0.551501695739,-1.09159957993,-0.244030971555,0.0471707005822,0.437224626403
39,82631,-1.38750408634,-0.975469189816,-0.0935344759402,-0.190936945133,-0.367275972919,-0.371930993591,-0.495758189929,-0.374124306237,-0.330809835981,0.0327946645909
40,84549,-0.212813883282,-1.27917516297,-0.653925192431,-0.218978126804,-0.401890555075,-0.487469126876,-0.215284355233,0.121343308057,-0.531653534399,-0.506686036141
41,119698,3.05453795241,0.557000726483,0.970549883838,0.364566674222,0.622529818777,0.838771826113,-0.737612091985,0.0949362860444,-1.2052551003,-0.802623397232
42,54205,-0.414522787355,-0.8032674831,0.638515837743,-0.449996722468,-0.589907461152,-0.329354836453,-0.410526074029,-0.311186345944,-0.2848563445,-0.000326405557292
43,61589,-1.07704131491,-1.18875777213,-0.0817340063215,-0.66715933904,-0.559269069034,0.227474739024,0.295021559668,0.106000857776,0.052089301987,0.00506492325215
44,22913,-0.558236515664,0.797643300966,-1.1240479069,-0.521313259827,0.945404011046,-0.812289073523,0.84751803155,-0.20283608053,0.286225700966,0.555701532687
45,107048,-0.368008509625,-0.810971287342,0.654319503299,-0.549528879293,-0.682714630922,-0.202401650494,-0.297567821436,-0.270393164445,-0.373383275817,-0.117836906388
46,246578,-0.884281173394,-0.544448605343,-1.17509575055,1.34164549091,0.438258285915,0.94814339792,0.922224473402,0.271379054326,0.258218661241,0.00152566293434
47,190332,1.24424156532,-1.00889973651,-0.206108204002,-0.139865471093,0.177793253676,0.730176139701,0.0203091751497,0.109009912658,1.15103255301,-0.464262067228
48,83511,-1.52696645734,0.752583077056,-0.471605027129,0.579479059816,-0.249410842512,0.296683971372,-1.37438476318,0.0908289988806,0.122467466475,-0.414818086153
49,79945,1.27405865136,-0.0326958491877,-0.592125630936,0.417292675504,-0.070518349453,0.830163405786,0.85873121263,-0.201948530605,-0.550459697778,-0.461929652339
50,335266,-1.23714622383,-0.957207988871,0.910298006018,0.0667309936358,0.236381354956,0.277681962392,-0.189815492613,0.34461863904,-0.511665086636,-0.240896790683
51,84726,2.8584398193,-0.605958924345,-0.757917539739,-0.0524593322178,-0.422783096459,-0.865332966828,-0.27515311985,-1.10930462162,-0.264245145437,-0.271670745724
52,468569,4.38677734273,1.30519602693,-1.71284680795,-1.19657704303,-0.315839417473,0.173983887879,0.693451874219,0.156441092369,0.47998292116,-1.11630178171
53,329767,-0.333492892033,0.629727228878,-0.587432600744,-1.57587302378,0.517470105667,-0.433638341118,0.272306345668,0.141386005496,0.11173105141,0.0125851318078
54,88170,0.383720331203,2.42596809261,-0.416344524663,-0.696588064255,-0.956661366732,0.0610059987579,-0.44727581256,-0.233069050435,-0.349135014776,0.0614895343671
55,119472,-1.36878556048,0.043707378384,0.708047524384,0.0616231850404,-0.539019523976,0.467075919446,-0.850992597266,0.284339838039,0.5737614855,-0.611593832773
56,12,0.148548921908,-1.3130610047,-0.895007558853,-0.140413175758,0.464631821141,0.794511486575,-0.348001628245,0.0460437065899,-0.29113808901,0.106088112515
57,240772,-1.49193328166,0.295660289267,0.123896402294,-0.912404837892,-0.262267944643,-0.244645247726,-0.234393811972,-0.0838517764335,-0.181188773822,0.0430666955826
58,99487,-1.39837288066,-0.771873451927,0.424690690988,0.802518234568,0.478381665626,-0.174757649498,-0.0647636543015,-0.420791533483,-0.121185848799,0.40198586338
59,349903,-1.42794960923,-0.245218217268,0.0980196351597,0.486274144487,0.0734157089544,0.125692169098,-1.07854740377,-0.135667123637,-0.696820033392,-0.44980822734
60,96874,-1.71267951474,2.28372223331,-1.23122554127,-0.648001713079,0.112592032388,-0.698647229476,-0.510717754458,0.0137747236021,0.320458721363,-0.116726364942
61,82100,0.754479867587,-0.975232236049,-0.367682579785,0.267239638363,-0.12749563942,-0.65859796397,0.159345878002,-0.57937991334,0.0232960159768,0.300891473894
62,272152,-1.80092974404,3.71831092714,-1.39137511134,0.346002574947,-0.300303895646,-0.44614406295,-0.0195619993297,-0.247159133553,0.440485193803,-0.0593281348794
63,289043,-0.251624400732,-0.308372356781,-0.945427778879,-0.110894663209,-0.662620142717,-0.0526609544522,-0.473913297999,0.183899912547,-0.452771213515,0.0195826148905
64,83686,-0.379214033369,-1.0252767527,0.835390269914,-0.500929598123,-0.791787060366,-0.861078669873,-0.57283898752,0.072631619382,0.416804827042,0.577437485414
65,95250,0.90234071597,-0.265204113825,2.97806343325,-1.92330455059,-1.43480406932,0.286623835951,0.62804011439,0.528606465022,0.541001107074,0.728173491267
66,387564,-1.02059457872,-1.35000345087,0.505621925829,0.297174145016,0.550357045056,1.51892051758,-0.769019751169,0.562436894536,1.8736615128,-0.426903663228
67,101889,-0.763754900176,-1.55420441304,-1.03167983716,0.759163210756,0.977696918841,1.48538845087,0.437733594244,-0.207941622623,-0.450580943653,-0.309870400029
68,181689,-1.13100170675,-0.0867974402789,-0.587177814166,2.25559264809,0.0335502176349,0.742259710185,1.04809891465,-0.985514128864,0.201712164365,-0.503050833635
69,452624,-0.527314197648,1.12776515143,0.631778891203,-0.207229072236,1.45933827653,-0.702487936459,0.390502712,-0.596974319789,-0.126788731362,-0.00273929404411
70,248103,-1.47510362216,-0.833666977269,0.543529652051,-0.426686781646,-0.707793751735,0.54836668354,0.112179947609,0.0161495746691,0.0373624332454,0.994932138875
71,35446,-0.202365031267,-0.266335647885,-0.616923838194,0.391157547875,0.185187655501,0.507689599974,-0.557922716761,-0.000732535937056,-0.741999261131,-0.366984601839
72,117731,-0.468162883873,1.03240956499,0.494803893504,-0.883074611621,1.33547284622,-0.288247136086,0.155507179501,-0.473069600508,0.0375669820728,-0.496855242294
73,120844,2.3377985177,-1.24427961466,-1.95157219906,-0.418945852907,-0.00982236056123,0.461987500036,0.505459852699,-0.634592291524,-0.575083464751,-0.0426489881558
74,70379,-0.351974363631,0.0837247953982,-0.964670566602,-0.675530115286,0.130176227495,-0.292969468044,-0.3891015463,-0.231251172788,-0.207301629764,-0.0462897682738
75,287624,-1.49563272425,0.191534083565,-0.234271855764,-0.092984316858,0.72683755449,-0.030577986106,-0.54031051119,-0.255130627007,-0.565665555978,-0.18958023009
76,88247,-0.452593946178,2.4756466775,-0.373754274236,3.03571391878,-0.639337477097,-1.19661925531,-1.11143939795,-0.320555158235,0.298249930469,-0.205507185572
77,441909,-0.520154024672,0.782659667921,-0.704271225723,1.12453639168,-0.515304031699,-1.14149169623,-1.33663831219,2.57155594236,-0.967909482241,0.0156567310765
78,17668,2.01166509202,-0.715425491426,1.02078679952,0.130694089883,0.873788704982,0.374282462993,-1.11181109139,0.145514715537,-0.113216459505,-0.675836442658
79,32976,-0.222174349517,-1.10915830981,-0.613240356059,0.383784809119,-0.256035992416,-0.93433922328,0.339779011835,0.173796437752,-0.140015229639,0.305431447588
80,75902,0.944308182183,-0.876419869607,0.0870292219207,1.18537826999,0.953427953414,-0.364070562763,-0.639308579826,0.828866482605,-0.130167763633,-0.304801757272
81,82222,-1.16911209929,-0.0366586892837,-0.741999902846,0.0656372285208,0.855170981158,0.342240615508,-0.178859321562,0.0685834510966,0.981052408166,-0.132523493134
82,20697,-1.1119622106,-1.19129545616,-0.7357667615,-0.0356347137275,0.0114448281077,0.406203034913,0.232375506755,-0.667237588296,-1.07276504348,0.209092969323
83,26138,-0.303477787546,-0.921657571894,-0.980648280844,-0.529505778816,0.446140327435,-0.732955657579,0.180030403063,0.141511857967,-0.538812725078,0.131269079466
84,86216,-0.586809245348,1.50330187496,-0.0753913431083,-0.742473796525,-0.340942667498,0.0614906514049,0.31414400597,-0.161618703988,-1.41688212081,-0.120287193203
85,80117,2.065273719,-1.03573306802,-0.986839813353,0.116603181089,0.0214061034622,-0.395882718657,0.29213668968,-0.725033981668,-0.478700630634,0.599665320425
86,10323,-1.48726887143,-0.219951358564,-0.388222967869,-0.0432210835687,-0.609523213308,-0.204263489703,-0.625289034188,-0.310447224007,-0.430223090527,-0.0469989562172
87,92005,0.990958027538,-0.348616072201,-1.38434533392,-0.29666519156,-0.53836203017,0.0420436852534,-0.23461226271,0.242285335654,-0.383685923357,-0.100035758015
88,289635,0.542119233427,-0.391278042283,0.666553986371,0.353716238104,1.55012902413,-0.812570292612,-0.476972821484,-0.715829243225,-0.371727770351,-0.799301195673
89,53291,-0.336716813945,-0.881413070473,0.616433873966,0.889648114555,0.830509281874,0.464156847382,-1.09895976838,-0.564053701245,-0.432276214354,-0.48805609225
90,110632,-0.180423678885,-1.1310233503,0.0727690142578,-0.715223121953,-0.59189257003,0.10276394298,0.0247681141512,0.00541340495277,0.202484678855,0.11082565081
91,99674,-0.432362237736,2.861023301,0.0387193529042,-1.374316249,4.2762901482,0.497002907373,-0.268986725631,0.855186664128,0.139573476781,0.259391103614
92,24216,-1.47791107973,2.50098362278,0.718211025556,0.420552889307,-1.06424660206,2.2233583992,1.31476850733,-0.170080402313,-1.74474958007,2.71511381052
93,55312,-0.540771611436,0.736281853145,0.303405019882,-0.254668965912,-0.148006131234,-1.08857047236,0.543760929866,0.17395472086,-0.386768658392,0.687507958061
94,180748,-0.219263945803,-0.458383953394,1.97142975739,-1.27806809175,-1.31576314537,0.526091870882,0.309404917502,0.230975481411,0.360308907792,0.133482397857
95,380599,1.38942607823,-0.383025309035,-2.09837896057,0.463691430906,-0.153682066874,1.97408264505,1.33743764956,-0.594642390122,-1.03331800245,0.26262690649
96,65651,-1.36410364535,-0.887383930835,1.46208792261,-0.838155152401,-0.933091824168,0.0412390215126,0.157706565116,0.161761334342,0.160163101319,0.814639056589
97,78771,-1.21989364819,-0.513635832913,1.28217291388,1.9791394977,0.14202027385,-0.685238620268,1.28139399714,-1.07665806969,1.02478693129,0.892558518669
98,26029,1.73093451813,3.14760918309,1.57831514147,1.68914393101,-1.02323629343,0.527141180492,1.88592204011,-0.53291801895,-0.205863592168,-1.95237346881
99,118819,-0.48490865218,0.0785394814813,-0.0261738461548,1.76504355813,-0.164015174613,-0.789390792357,-0.306456930207,0.0189739844806,1.40538631575,1.1800748695
