321612
263115
335797
293167
135397
315837
259316
295693
157336
127380
395992
118340
329865
381288
293660
271110
76341
330459
346672
284052
305470
246655
381284
245891
15206
269149
274870
244786
334543
121856
22
240832
324786
122917
296524
140607
87101
211672
356305
228150
388399
119450
194662
131631
209112
76338
99861
14564
324552
313369
127585
155
210577
168259
27205
281007
242582
11
376867
286217
262500
19995
47971
177572
24428
102899
550
302401
98566
348893
343611
283366
419430
603
166426
205596
680
297761
302946
278
341174
38810
324560
369885
49026
10195
340666
150689
207932
679
120
285
100402
281957
177677
198663
382591
440249
10138
188927
1726
158852
181533
284053
16869
61791
58
122
277
68721
597
311324
346685
8587
206647
137113
136799
334541
254128
49051
198184
9323
425
348
324668
384682
12444
290250
152601
20352
1865
671
11324
24
673
8966
214756
238
102382
76757
273248
376134
4922
13
14160
218
1771
424
294254
807
340837
68718
257344
1091
262841
49521
262504
291805
675
694
1124
91314
278927
72105
264660
54138
68730
77
59210
141
10020
137116
156022
106646
954
157350
216015
47933
627
272
13590
101299
70981
109445
120467
277216
335988
363676
18785
129
44214
752
225886
1417
126889
1930
12445
333484
2670
75656
37799
280
278154
372058
98
337339
85
602
453
37724
38757
1402
150540
49047
121
131634
43074
260346
12
249397
585
105
2501
328111
979
767
57158
72190
18
22970
17654
101
19908
27578
411088
270303
578
49017
8077
162
299687
190859
4638
141052
539
376660
6479
13223
78
36557
76203
137
68735
281338
219814
10681
345920
672
161
89
9509
431
755
2502
296
812
5876
140300
258230
64690
340102
408
332210
2048
365942
87
138843
416252
328387
608
14
534
604
500
9806
38
12405
258216
37165
557
338766
2062
45269
674
7191
10764
562
862
9325
12155
331583
41280
10582
238713
62
59967
107
956
49530
4011
350
270946
769
10193
640
307081
296096
28
56292
601
52520
497
68737
187
333371
9693
124905
64682
1359
857
12437
153518
559
1576
6977
300671
201088
58574
10528
147441
75612
82693
223702
11224
565
564
264644
9659
254
278924
1735
75780
544
764
1724
299536
50620
313297
808
266856
1422
82023
950
197
334533
329103
637
39514
1891
17431
259693
7451
73
207703
114
258489
57800
50619
176147
240
5915
82700
13475
23483
181808
8681
80992
242512
607
241554
227159
241259
170
122081
920
65754
103
50646
600
605
9738
70
629
300669
1571
76163
70160
254470
370755
77338
64688
18239
174321
646
393
37735
273481
423
1593
747
10625
49040
834
314365
45243
80274
364
10191
58595
54989
106
93456
62177
8355
68726
1949
20526
271969
74
102651
745
311
290595
228967
620
51876
782
171274
6114
1368
10112
376290
10483
10065
861
18360
371645
591
417644
315635
19913
4935
292280
429
454
62215
2667
105864
146233
81774
87827
95
180
76492
854
2503
283995
115
18240
158015
953
36586
1892
8960
82690
389
81452
9552
217
1637
24021
331313
13183
100042
225574
128
1690
370663
436401
168672
